9 9
8.40188 3.94383 7.83099 7.9844 9.11647 1.97551 3.35223 7.6823 2.77775 
5.5397 4.77397 6.28871 3.64784 5.13401 9.5223 9.16195 6.35712 7.17297 
1.41603 6.06969 0.163006 2.42887 1.37232 8.04177 1.56679 4.00944 1.2979 
1.08809 9.98925 2.18257 5.12932 8.39112 6.1264 2.96032 6.37552 5.24287 
4.93583 9.72775 2.92517 7.71358 5.26745 7.69914 4.00229 8.91529 2.83315 
3.52458 8.07725 9.19026 0.697553 9.49327 5.25995 0.860558 1.92214 6.63227 
8.90233 3.48893 0.641713 0.20023 4.57702 0.630958 2.3828 9.70634 9.02208 
8.5092 2.66666 5.3976 3.75207 7.60249 5.12535 6.67724 5.31606 0.392803 
4.37638 9.31835 9.3081 7.20952 2.84293 7.38534 6.39979 3.54049 6.87861 
